165	134	165	162.81	0.00	112	112
164	134	164	162.23	0.00	153	153
165	134	164	162.46	2.01	143	153
163	134	163	161.58	0.20	153	153
165	134	165	162.69	0.02	153	153
165	134	165	162.80	0.00	153	153
166	135	165	163.43	2.01	143	153
167	136	167	164.70	0.20	153	153
165	135	165	163.34	0.02	153	153
166	136	166	164.12	0.00	153	153
165	135	165	163.28	0.00	153	153
167	136	166	164.40	2.01	143	153
167	136	167	164.80	0.20	153	153
166	135	165	163.63	2.03	143	153
167	136	167	164.72	0.20	153	153
166	135	166	163.92	0.02	153	153
165	134	165	162.92	0.00	153	153
166	135	165	163.44	2.01	143	153
167	136	166	164.41	2.21	143	153
165	134	165	162.97	0.22	153	153
165	135	165	163.17	0.02	153	153
164	134	163	161.96	2.01	143	153
165	134	163	162.11	4.22	134	153
163	132	161	160.30	4.44	134	153
163	132	161	160.11	4.46	134	153
162	132	162	160.13	0.45	153	153
160	130	159	157.99	2.05	143	153
158	128	157	155.94	2.21	143	153
158	128	157	155.74	2.23	143	153
156	125	154	153.24	4.25	134	153
155	125	154	152.71	2.43	143	153
155	125	154	152.66	2.25	143	153
152	122	151	149.90	2.24	143	153
151	120	149	148.06	4.25	134	153
148	118	147	145.76	2.44	143	153
146	116	145	143.69	2.26	143	153
145	114	143	141.92	4.26	134	153
141	112	140	139.00	2.44	125	133
138	108	137	135.64	2.26	88	94
137	107	136	134.38	2.24	110	117
136	106	136	133.64	0.22	153	153
134	103	133	131.07	2.05	122	129
133	103	132	130.22	2.23	143	153
132	102	132	129.52	0.22	153	153
129	100	129	126.99	0.02	123	123
127	98	127	124.88	0.00	103	103
127	98	127	124.67	0.00	141	141
127	98	127	124.65	0.00	153	153
126	95	125	122.74	2.03	127	135
125	95	125	122.27	0.20	153	153
123	94	123	120.69	0.02	141	141
123	94	123	120.54	0.00	153	153
122	92	122	119.26	0.00	148	148
122	92	122	119.13	0.00	153	153
123	92	122	119.40	2.04	143	153
120	91	120	117.61	0.20	129	129
119	89	119	116.17	0.02	114	114
120	89	119	116.30	2.04	138	147
118	88	118	115.10	0.20	137	137
118	89	118	115.31	0.02	153	153
118	89	118	115.34	0.00	153	153
117	87	117	114.07	0.00	139	139
118	89	118	115.21	0.00	153	153
117	87	116	113.75	2.04	124	132
117	87	117	113.91	0.20	153	153
118	88	118	114.86	0.02	153	153
117	87	117	114.02	0.00	152	152
116	86	116	113.00	0.00	144	144
118	87	117	114.12	2.04	143	153
117	87	117	113.95	0.20	153	153
119	89	118	115.49	2.05	143	153
120	91	121	117.52	-1.83	153	148
120	91	120	117.42	-0.18	153	153
123	93	122	119.57	2.01	143	153
123	93	123	120.10	0.20	153	153
124	95	124	121.41	0.02	153	153
126	97	126	123.40	0.00	153	153
127	98	127	124.52	0.00	153	153
130	100	129	126.79	2.02	143	153
131	101	130	127.94	2.22	143	153
132	103	131	129.29	2.24	143	153
135	105	134	131.90	2.24	143	153
138	109	138	135.55	0.22	153	153
142	112	140	138.65	4.05	134	153
144	114	143	141.14	2.42	143	153
147	116	145	143.50	4.28	134	153
150	120	149	147.15	2.44	143	153
152	122	151	149.35	2.25	143	153
156	125	154	152.60	4.25	134	153
158	128	157	155.40	2.43	143	153
159	129	159	156.91	0.24	153	153
163	132	161	159.78	4.04	134	153
164	133	163	161.30	2.41	143	153
167	136	165	163.88	4.26	134	153
168	138	168	166.00	0.43	153	153
169	138	168	166.50	2.05	143	153
169	139	169	167.18	0.21	153	153
172	142	172	169.99	0.02	153	153
174	143	173	171.47	2.01	143	153
177	146	176	174.36	2.21	143	153
180	149	179	177.39	2.23	143	153
181	150	180	178.60	2.23	143	153
184	154	184	182.09	0.22	153	153
185	156	185	183.63	0.02	153	153
188	158	187	185.92	2.00	143	153
191	160	191	188.87	0.20	153	153
191	159	190	188.52	2.03	143	153
192	161	192	190.04	0.20	153	153
192	161	192	190.20	0.02	153	153
193	163	194	191.74	-2.00	153	148
192	161	192	190.37	-0.20	153	153
193	163	193	191.47	-0.02	153	153
192	161	192	190.34	-0.00	153	153
194	163	194	192.05	-0.00	153	153
193	162	192	191.01	2.00	143	153
195	163	195	192.64	0.20	153	153
194	162	193	191.63	2.03	143	153
194	163	194	192.18	0.20	153	153
195	164	195	193.14	0.02	153	153
194	163	194	192.33	0.00	153	153
194	163	194	192.25	0.00	153	153
193	162	192	191.03	2.00	143	153
194	163	194	192.12	0.20	153	153
195	163	194	192.49	2.03	143	153
193	163	194	191.97	-1.80	153	148
192	160	191	189.74	1.83	148	153
192	161	192	190.17	0.18	153	153
191	160	191	189.30	0.02	153	153
191	160	192	189.47	-2.00	153	143
191	160	191	189.23	-0.20	153	153
189	158	189	187.38	-0.02	153	153
189	158	189	187.20	-0.00	153	153
187	156	187	185.35	-0.00	153	153
187	157	187	185.50	-0.00	153	153
186	156	187	184.89	-2.00	153	143
184	155	185	183.31	-2.20	153	143
183	154	185	182.53	-4.23	153	134
181	152	183	180.62	-4.43	153	134
181	153	183	180.72	-4.44	153	134
179	151	182	179.18	-6.46	153	125
179	152	183	179.58	-8.68	153	116
179	152	184	179.85	-10.94	153	107
177	150	182	178.05	-11.17	153	102
176	149	181	176.95	-11.20	153	102
177	151	183	178.28	-13.24	153	93
176	149	183	177.27	-15.58	153	84
177	151	183	178.31	-13.68	153	93
178	152	183	179.10	-11.43	153	102
176	150	183	177.74	-15.36	153	84
177	152	184	178.85	-15.72	153	84
176	151	183	178.05	-15.76	153	84
177	152	185	179.03	-17.89	153	74
178	152	185	179.56	-16.00	153	79
176	150	185	177.89	-20.14	153	61
175	149	183	176.80	-18.37	153	70
176	150	184	177.60	-18.19	153	70
176	149	184	177.24	-18.22	153	70
175	149	184	176.75	-20.36	153	61
176	150	185	177.61	-20.57	153	61
175	149	184	176.78	-20.60	153	61
176	151	185	178.06	-20.54	153	61
175	149	184	176.83	-20.59	153	61
4294966959	4294966869	4294966952	176.83
175	150	184	177.15	-20.54	153	61
174	150	184	176.69	-22.71	153	52
175	150	184	177.14	-20.76	153	61
174	149	182	176.20	-18.39	153	70
173	147	182	174.81	-20.39	153	61
175	149	184	176.50	-20.58	153	61
176	151	184	177.96	-18.37	153	70
175	149	184	176.82	-20.38	153	61
176	150	185	177.62	-20.57	153	61
175	149	183	176.77	-18.41	153	70
176	150	184	177.60	-18.19	153	70
176	149	185	177.19	-20.42	153	61
175	149	184	176.74	-20.58	153	61
176	151	184	177.99	-18.37	153	70
175	149	184	176.82	-20.38	153	61
176	150	184	177.61	-18.39	153	70
175	149	184	176.78	-20.38	153	61
175	149	184	176.70	-20.58	153	61
174	148	183	175.78	-20.60	153	61
174	149	183	176.13	-20.55	153	61
173	147	180	174.70	-16.28	153	79
174	147	181	175.08	-15.89	153	84
173	146	180	174.21	-15.85	153	84
172	146	178	173.43	-13.72	153	93
173	147	178	174.05	-11.44	153	102
171	145	176	172.29	-11.21	153	102
172	145	177	172.72	-11.21	153	102
171	143	176	171.50	-11.23	153	102
515	4294966875	4294966967	171.50	-11.23
171	144	175	171.50	-9.16	153	111
170	143	174	170.59	-8.96	153	116
172	145	175	172.06	-6.91	153	125
172	144	174	171.65	-4.70	153	134
172	143	174	171.32	-4.48	153	134
175	145	176	173.43	-2.45	153	143
174	145	175	173.04	-2.25	153	143
176	146	177	174.52	-2.23	153	143
178	147	178	175.87	-0.22	153	153
177	147	178	175.71	-2.03	153	143
179	148	178	176.61	1.80	148	153
178	147	178	176.08	0.18	153	153
180	149	179	177.56	2.02	143	153
180	149	180	178.00	0.20	153	153
180	149	179	177.75	2.02	143	153
178	148	178	176.53	0.20	153	153
180	149	180	177.90	0.02	153	153
180	150	180	178.37	0.00	153	153
180	149	179	177.79	2.00	143	153
180	149	180	178.02	0.20	153	153
180	148	178	177.09	4.04	134	153
180	148	179	177.30	2.41	143	153
178	148	178	176.48	0.24	153	153
180	148	179	177.24	2.03	143	153
180	149	180	177.97	0.20	153	153
179	148	178	176.84	2.03	143	153
178	147	177	175.81	2.21	143	153
178	147	178	176.00	0.22	153	153
180	148	179	177.19	2.03	143	153
178	147	177	175.85	2.21	143	153
178	148	178	176.34	0.22	153	153
180	149	179	177.59	2.03	143	153
179	148	178	176.80	2.21	143	153
178	147	177	175.81	2.23	143	153
178	148	178	176.33	0.22	153	153
180	148	178	176.93	4.04	134	153
178	147	177	175.82	2.41	143	153
178	147	177	175.71	2.25	143	153
178	146	176	175.04	4.24	134	153
178	146	176	174.97	4.44	134	153
176	145	174	173.48	4.46	134	153
177	145	175	173.90	4.47	134	153
177	145	175	173.94	4.47	134	153
176	145	174	173.37	4.46	134	153
175	143	172	171.73	6.48	125	153
176	144	172	172.13	8.70	116	153
176	145	172	172.48	8.91	116	153
175	144	170	171.22	10.96	107	153
176	145	172	172.39	9.13	111	153
176	145	171	172.12	10.98	107	153
177	145	172	172.71	11.18	102	153
177	145	170	171.95	15.32	84	153
179	146	172	173.37	15.76	84	153
180	148	174	175.18	13.70	93	153
180	147	173	174.61	15.60	84	153
179	148	172	174.26	15.73	84	153
180	148	172	174.42	17.86	74	153
182	149	173	175.47	20.23	61	153
180	147	173	174.64	16.25	79	153
181	148	174	175.47	15.85	84	153
180	147	173	174.64	15.81	84	153
181	148	174	175.47	15.80	84	153
180	147	172	174.20	17.90	74	153
180	148	173	174.85	15.98	84	153
183	149	174	176.04	20.09	61	153
180	147	174	175.10	14.16	88	153
182	148	174	175.61	17.77	74	153
180	147	172	174.22	18.10	70	153
182	149	174	175.91	18.13	70	153
180	147	172	174.25	18.13	70	153
4294966870	4294966870	4294966962	174.25
180	147	172	174.08	18.14	70	153
178	147	172	173.71	13.92	93	153
177	145	169	171.62	17.69	74	153
178	146	171	172.76	15.97	84	153
178	145	170	172.10	17.92	74	153
179	146	172	173.38	16.02	79	153
180	147	172	173.99	17.92	74	153
178	145	170	172.23	18.12	70	153
180	147	172	173.88	18.13	70	153
178	145	170	172.21	18.14	70	153
179	146	171	172.96	18.14	70	153
179	147	172	173.81	16.01	79	153
178	145	170	172.21	17.93	74	153
178	145	169	171.59	20.25	61	153
178	145	170	171.98	18.35	70	153
176	144	169	170.97	16.04	79	153
177	144	169	171.01	17.93	74	153
478	4294966877	507	171.01	17.93	74	153
174	142	167	169.04	16.00	79	153
174	142	167	168.84	15.81	84	153
172	141	167	168.11	11.65	102	153
172	140	167	167.73	11.26	102	153
174	142	168	169.13	13.26	93	153
172	140	168	168.21	9.39	111	153
173	142	169	169.35	8.98	116	153
171	140	167	167.63	8.94	116	153
172	141	168	168.38	8.94	116	153
171	140	168	167.90	6.92	125	153
423	4294966879	4294966971	167.90	6.92	1
170	139	169	167.60	2.70	143	153
171	140	170	168.49	2.28	143	153
170	139	168	167.34	4.24	134	153
171	140	169	168.14	4.44	134	153
172	140	170	168.79	4.47	134	153
174	141	172	170.30	4.48	134	153
173	142	172	170.59	2.45	143	153
172	140	170	169.04	4.27	134	153
172	141	171	169.55	2.43	143	153
171	140	170	168.68	2.25	143	153
172	140	171	169.15	2.24	143	153
172	141	172	169.85	0.22	153	153
171	140	170	168.71	2.03	143	153
169	139	169	167.40	0.20	153	153
170	140	169	167.87	2.02	143	153
169	139	169	167.32	0.20	153	153
169	139	169	167.26	0.02	153	153
170	140	169	167.86	2.01	143	153
169	138	169	166.98	0.20	153	153
169	139	169	167.23	0.02	153	153
169	139	169	167.25	0.00	153	153
169	139	169	167.25	0.00	153	153
169	139	169	167.25	0.00	153	153
168	138	168	166.34	0.00	153	153
169	138	168	166.53	2.01	143	153
167	137	167	165.35	0.20	153	153
168	138	167	165.84	2.02	143	153
166	136	165	164.05	2.21	143	153
165	136	165	163.57	0.22	153	153
165	135	165	163.23	0.02	153	153
163	133	163	161.36	0.00	153	153
160	130	160	158.42	0.00	153	153
159	129	159	157.21	0.00	153	153
156	126	155	154.03	2.01	142	152
154	125	154	152.49	0.20	153	153
152	123	152	150.50	0.02	153	153
149	120	148	147.22	2.01	128	136
147	118	146	145.05	2.21	141	150
143	114	143	141.48	0.22	115	115
142	112	142	139.89	0.02	138	138
141	111	141	138.81	0.00	153	153
138	109	138	136.25	0.00	139	139
136	106	136	133.83	0.00	125	125
135	105	135	132.66	0.00	148	148
132	103	132	130.08	0.00	123	123
132	102	133	129.79	-2.03	153	143
132	102	132	129.48	-0.20	153	153
129	99	129	126.66	-0.02	114	114
129	98	128	125.73	2.03	124	132
126	96	126	123.50	0.20	105	105
126	96	127	123.56	-2.01	149	140
126	96	126	123.29	-0.20	153	153
125	95	124	122.02	2.01	143	153
125	95	125	122.20	0.20	153	153
123	93	123	120.36	0.02	132	132
122	92	122	119.24	0.00	133	133
123	92	122	119.41	2.04	143	153
123	93	123	120.08	0.20	153	153
121	92	121	118.61	0.02	141	141
122	92	121	118.76	2.03	143	153
120	91	120	117.55	0.20	147	147
121	92	121	118.36	0.02	153	153
120	91	120	117.51	0.00	153	153
121	92	121	118.35	0.00	153	153
122	92	121	118.73	2.03	143	153
120	91	120	117.54	0.20	147	147
121	92	121	118.36	0.02	153	153
120	91	120	117.51	0.00	153	153
121	92	121	118.35	0.00	153	153
122	92	122	119.04	0.00	153	153
120	91	120	117.58	0.00	139	139
119	89	119	116.16	0.00	125	125
120	91	120	117.29	0.00	153	153
119	89	119	116.14	0.00	146	146
120	89	119	116.30	2.04	143	153
120	90	119	116.66	2.24	143	153
118	89	118	115.47	0.22	144	144
119	89	119	115.95	0.02	153	153
119	89	118	115.69	2.04	143	153
119	89	119	115.98	0.20	153	153
120	90	120	116.94	0.02	153	153
118	87	119	115.07	-2.05	122	115
118	89	118	115.31	-0.20	153	153
118	87	118	114.64	-0.02	153	153
119	88	119	115.51	-0.00	153	153
118	87	118	114.66	-0.00	153	153
118	87	118	114.58	-0.00	153	153
117	87	117	113.99	-0.00	153	153
118	87	117	114.22	2.04	143	153
116	87	116	113.36	0.20	150	150
117	87	117	113.87	0.02	153	153
116	86	116	112.99	0.00	149	149
117	87	117	113.84	0.00	153	153
118	89	118	115.19	0.00	153	153
